12584908 18424682
2819224 1051032
3483366 298443
3610758 32495
3078927 526603
1645558 1847057
1645441 1618031
1526817 1708701
3123619 429745
1599440 1723194
1585307 1647260
3062078 259333
1528107 1899992
1781983 1853048
2420538 1064658
3377819 615610
3675659 118004
3278351 360921
3550139 27055
3490843 185009
1798162 1849008
3111264 398441
3239797 468293
3577534 298328
3069395 647491
3263271 111555
3443105 239080
3640490 365439
1712984 1908708
3348361 382598
3571016 293639
3562540 192501
3606199 33973
2872786 661681
3568601 263772
3050004 957856
3656275 37117
1864423 2043434
3385513 366414
3484816 45063
3564999 368044
3113934 629776
3112386 357132
3307808 192864
3718804 32894
3377070 361324
3399585 34554
3366714 315964
3626460 234229
3435002 137376
1775269 1690490
3071087 681277
2882264 472346
1745478 1848362
3366320 203193
2895275 772660
3442755 85885
3479824 236584
1910941 1871274
2938317 746719
2654157 1004802
1842597 1895215
1730352 1785939
3646921 851716
1641503 1903475
3522721 328144
3457956 49870
3483951 29835
3366739 350327
3381340 130909
3380860 221726
3547448 61796
3303128 251811
2452339 1065032
3303367 388515
3249559 369847
3970788 35655
3471251 72677
3225483 673406
3444909 316359
3743251 143934
3480313 35029
3643767 33756
3804393 34160
2446051 1030847
3034674 670287
1826400 1875872
3621658 279966
1683569 1804926
3305358 482341
2834664 1129051
3578573 248749
3614863 47256
1786193 1649522
3640313 46501
3746696 27843
3090268 485206
3425434 261489
2516464 1174837
3076762 631635
3263050 525722
3935729 218178
3601906 135921
1838159 1888528
1780697 1954110
3811734 110838
1728313 2162795
1816217 1687100
3201439 40985
1524578 1634319
1615245 2011234
2989959 634818
3584231 39128
1874872 1760593
3559901 272951
3533873 257272
3460473 35177
3426246 264266
3552013 104779
1621465 1803281
1777440 1900632
2448818 1098300
2909735 870656
3598588 247185
3579148 67248
3611420 28164
2530094 1072533
3879379 27413
3568263 40088
3569474 199386
1812463 1866061
1766801 1905992
3537477 43245
3439464 342058
1798301 1949530
3544393 28811
3365248 265092
3106913 489775
3137936 634880
2723100 799395
3739059 322602
3361621 203109
3012281 423186
3029831 449679
1898812 1649543
3414738 247858
1762053 1860776
1794574 2183472
3400705 31713
3475041 119538
3372706 160685
1777262 1982158
1735107 2043278
3467655 238496
3449179 273905
3917546 27893
3388973 74794
2962912 640810
3300992 38158
1568917 2050061
1676692 1698320
1747170 2008093
3560004 221532
3432062 178882
1831500 1786422
3081804 603014
3612216 31744
3068439 411902
3492712 608433
3645809 247193
4130979 33939
3601844 43479
3173951 248759
3399405 306994
3699549 435489
3750557 34544
1934408 1822456
3578667 337499
2871527 675296
3264498 206694
2813050 853569
3239675 342679
3332204 380992
1800848 1842491
3472140 192681
2410801 1204507
2929530 718910
2597123 1077458
3288051 396334
3525780 31481
3215182 310612
3639799 36329
3555570 179482
3151018 479005
3544548 134531
2679066 991951
3005578 700249
3301263 362547
2708002 801711
3397926 269412
3056749 597487
3648188 28985
3314133 376127
3707181 27512
3571887 200782
3026319 670690
3381347 242203
3383124 5742289
3574714 329158
3554944 311296
3592199 38200
1980989 1894238
3554561 37086
3301817 375828
1737789 1894619
3538843 233604
2408264 1534475
3727732 26931
3452279 35664
2842548 891019
3096318 465104
3233963 640308
3644863 31039
3399133 177411
3012368 703697
1794201 1755634
1876460 1988641
3498688 348211
3690301 303591
1780700 2186612
3668299 39750
3249204 409952
3200111 534145
2576574 961311
1717064 2011841
1770900 1768901
3213994 345784
2985855 671441
3732791 187331
3160128 440845
3418885 301751
3553368 167913
3127861 724142
3445329 237547
3417340 38941
3405740 150604
2692825 1053435
1856115 1835277
2978354 511613
2623305 1273312
3312087 305936
1753422 1873301
3520993 308894
3661722 29178
3402317 171828
3360135 350285
3401037 83986
3327590 641895
4927050 36102
3614328 220072
3437695 164344
3410177 132058
3687399 38634
3640168 27394
3795101 31300
3450192 201429
3568263 180184
3232803 314795
1719446 1675439
1986864 1561236
2058282 1729651
2188989 1483226
1792754 1767369
3220309 275920
1674864 1844270
3497003 787688
5686150 38389
4010522 34448
1814559 1700189
3269175 291535
3422051 32519
3548929 251225
3468796 157624
3652061 92912
3476594 41651
3625703 89155
3566502 206436
1800093 1844563
3697996 258289
3642910 54538
3441824 637538
3662673 210645
3416491 197092
3931806 34367
3403086 362624
3027958 493100
3551844 62409
3456714 223299
3404009 248805
3497181 264599
3308307 255201
2926817 794672
3729673 33202
3628108 71792
3552443 354307
5219580 37223
2950264 758980
1778438 2089349
3267467 288924
3662715 228423
3556993 229135
1762822 2006794
1619525 1901007
1523957 1938548
1687209 1919471
3520043 144346
2063802 1685625
3131738 548542
1714728 1928852
1808814 1907523
3529906 175590
3385404 494467
3212221 639207
3661416 29643
1729441 1837476
2519306 1382495
3609179 348638
3324853 570650
3446186 358304
3661508 29079
3749573 170294
14844704 271850
1357563 1617983
2906771 196912
2936836 538885
3051093 284143
2326917 907858
3691892 34354
3376425 380524
2727843 820913
3227166 381194
3529765 34328
3534520 195149
3134682 406132
1733588 1939011
3162084 404800
1767997 2006271
3141005 717962
3666328 55842
3347025 145615
3499151 310254
2836214 665601
1821577 1977167
3249209 570336
3319984 273364
3557499 232303
1832495 1986586
1879373 2013441
1749045 1963020
3337075 145121
3326902 428102
3311990 634481
3562563 237520
3475777 181473
3525921 87065
3452469 75604
3334114 281347
3280752 207900
3203482 276953
3689706 34204
3503728 215118
3502747 69948
1589449 2235642
3669021 33807
3437399 333197
1897866 1980583
3089025 481809
3532165 1551871
2516186 1218319
3595883 256995
3554929 193157
3312173 301659
3548735 245197
3225032 499427
1711618 1873255
2658808 1060665
2515310 881833
3044556 808621
3171924 643140
3592162 33204
3161559 428555
2983594 627447
3503330 201678
3552370 70740
3583286 88085
3529524 229974
3627625 37757
3062347 688705
2634352 1054348
3662815 37393
3589843 57526
1766677 1846579
3379812 403078
1799247 1759954
3279109 38378
1830230 1903323
1920121 2043211
4708056 27038
3878918 133422
3464920 314639
2808239 1296644
3464245 216624
3582822 34153
3279476 710742
3157204 506080
1618517 1773002
1786953 2017814
1966755 1904627
1866720 1902063
2649084 1025685
3696054 39031
3138770 714980
1778519 1769668
3402047 73709
3282478 339172
3576774 35212
3350517 286760
3471433 171962
1742932 1652770
3301719 275628
3550588 341601
3219966 330756
3199094 697788
3730916 129028
3570114 110807
3458066 50670
3366119 270003
3615136 65439
3339047 480266
3103589 688726
2468039 1135692
3546658 315539
3443560 165868
3538666 287617
1816413 2107699
3418227 237671
3434083 79641
3346655 177108
3554929 36548
3329516 320864
1870566 1788012
2668678 996868
3661435 146167
3009461 1286430
3444372 612121
3208362 367462
3231254 401669
3759390 30245
3425550 329743
3527794 530999
2966487 613102
2487476 1416099
1673205 2034471
3494930 134909
3019776 623671
1708746 1925197
3414790 286796
2724583 929263
3351106 306121
3601475 201956
3537031 192064
3553308 220442
1744760 1941045
3747245 27213
3456521 584811
1756469 1892035
2590708 1141940
3041873 652960
3497588 34216
3662549 130167
3488219 39190
3529007 369163
3463040 1220708
3601024 77705
3642099 106392
3630376 279957
2640028 928377
2967599 599998
3717701 38729
1841391 1984361
1792353 1832292
3444679 75354
3446208 264249
3400141 183439
3797199 35333
1790539 2123247
3265683 370771
3572924 36529
6039030 38576
3510484 426277
3272504 450312
3380260 266497
3376620 421743
3271287 589064
3391423 212809
3156447 466128
3895061 31520
3393297 298891
3470897 210171
3361624 286591
3613345 124719
3692731 185985
3289196 402848
1733637 1979630
3511183 29439
3623007 573267
3267157 876308
1931868 1802383
3698743 32772
3589220 229316
3710902 105678
3321567 333250
2575005 1190451
3632215 355150
1845219 1692495
2903749 940933
3884860 38441
3418616 200543
3792018 37565
1928472 1759359
3580198 30260
3037616 373087
3471964 244649
3350362 346426
1764480 1824547
3529129 220573
1648738 2060485
1764425 2020769
3698283 39053
1847060 2012327
3406349 306749
3537427 322661
3600834 208504
3656794 174918
3130267 358090
3431512 272346
3557677 107010
3405414 246723
3610760 222794
2590607 1286483
3388502 412053
1827604 1848992
3860646 31694
5655373 27622
3284404 515621
3710594 33205
3757859 235355
3541697 33950
3426904 334311
3439989 22763
3602139 34498
2617041 1021521
3467583 259496
3449891 289774
3283635 715956
3502946 358336
3410172 371207
3617389 33028
3042360 669209
3529907 91183
3269877 379479
2724168 879639
3318748 407034
1777132 1789948
1712890 1810791
3348298 566351
3390662 167316
2626910 1321021
3468264 342575
1811536 1766471
3225646 389079
3429388 379668
3340169 411397
3063047 716207
1775325 1990515
3298795 628782
1772176 2011865
2879845 746424
2916738 981087
1781841 1868119
2561616 1016518
2858071 636477
3287859 541291
3452664 92809
1740031 1899808
3405140 59646
1773008 1805637
2666319 1400789
1857467 1780965
3728427 212798
3362839 278684
3895415 35911
3167478 768743
3066581 715107
3025629 670972
3508011 387635
3173824 406250
1754425 1966483
2655112 1138266
3292039 610710
3149250 695919
1851066 2138488
2884879 769954
3433443 104136
1756363 1957971
3513236 35940
3631435 36299
3365219 94397
3565037 227933
3600885 33810
3822858 37961
3214452 434139
3338981 524989
3339144 374399
3696427 37703
3742244 45067
3868877 37672
3645884 242222
3549385 352668
3640883 165433
3355337 339733
3551360 323771
3720239 88504
3468442 240286
2834531 670155
1643335 1898905
1692983 1704701
1711636 1818619
2502032 1292741
3556656 37377
3074472 618660
3480875 279113
1728248 1931544
3918086 36114
3629243 216807
3854464 97507
1786077 1829381
2949460 2486810
2603732 1033311
3302556 358421
3508153 300339
3593437 158016
2558104 1121746
1866897 1830444
3392951 151652
3558363 275231
3370221 384535
3622008 53304
2527492 1176935
3102209 692483
3679296 32517
3578584 31086
3944050 30852
3518078 294814
1689913 1754431
1814370 1899036
3594499 267133
1781175 1917363
3677793 37437
3427527 277017
3448969 212617
3521800 369129
3676334 203562
1812783 1833956
3557052 38768
3830394 34506
3750729 286465
3472668 741491
2625610 1056486
3748704 331216
3674116 196893
3584396 266317
1950026 1758168
1763122 1788759
1727194 1885039
2504330 1141762
3663195 263036
3370237 390902
1827760 1960883
1919471 1836525
3701960 72902
3672941 28825
3987349 33144
1720475 1769544
2706558 1100796
3081080 694848
3692479 85574
3298322 345219
1724979 1870157
3651131 197742
3316034 320862
3128023 440915
3415049 502631
1877742 2054115
1820105 1835753
3445567 1117311
3328702 973745
3786689 35301
3066211 636703
3614659 270786
1984714 1921556
3749921 281887
3950018 36292
3490776 318908
3342345 344522
3636666 30247
3816038 27102
3826451 28201
3489172 202837
3323293 489119
3743068 727189
3734940 418692
3907633 38664
3472002 290872
3494091 334376
3178271 605633
1590049 1923893
3761849 61241
2997703 743247
3822389 28818
3295592 244258
1822912 1957356
3129001 441116
3730302 33483
1969173 1822368
1818299 1988257
3345422 420230
1677731 1898600
3096121 577360
3586933 244823
3615761 37583
1816083 1999117
3903687 34809
1621720 1868304
1878347 1843944
3467188 194473
3288833 421049
3628073 61786
1761277 1855967
3409359 186586
3259393 412939
3380599 479277
2564782 653105
3646087 514761
3356896 101069
1755908 1887537
3411718 391415
2639983 1073916
3718674 205253
3215303 726452
2797743 803733
3617294 358050
3099085 793415
1905508 1906347
3584368 37451
3587668 134894
4242359 40299
1645209 1972658
3190824 871593
3669097 243250
3421180 159759
3454984 63754
3456149 316787
1815152 1924328
3044038 637588
3629831 504729
3542832 367440
5265864 779142
3725144 151597
2835783 1039124
2106819 2048748
3445526 584305
1755352 1926969
3260075 369029
1759680 1838957
3415752 179906
3766810 263785
2462884 1116255
1774354 1956339
2796848 1053166
1825082 1824797
3169446 628553
3450573 191183
3633701 217859
3541238 148794
3512547 69644
3410995 391309
2531771 1180698
3417273 259090
2883185 676626
1832786 1902143
3313676 505117
2663285 1163463
3430602 151011
3659889 221004
1786618 1792399
1633928 1966695
1818643 1737782
3385261 478604
3755008 27712
2785159 1048785
3484020 285412
2022256 1670149
3622064 33332
3541027 139016
3316439 499911
1884090 1937002
2870220 923739
3580339 231807
3605872 34673
1865574 1983281
3550969 210864
3509705 162346
3576253 208348
3608501 269061
3566808 276594
1664788 2184922
1725684 2010428
1743621 1986740
3173846 674422
2776761 1059282
3661788 242746
3110538 590992
3887855 40677
3778782 269980
2634679 1290066
3986706 66421
1646871 2010091
3586022 50647
3701196 31017
5792273 64653
1451714 1909782
3514389 370566
3479839 476038
3298485 471528
3563863 32120
3398768 349205
3298099 418896
3535128 272578
1772504 1857034
3648894 232883
3226628 493295
3683845 176278
3542338 377546
3063478 755601
1846736 1846605
2776961 1149487
3443027 403517
3708141 39623
3381814 303360
3540902 127611
2633745 1097320
3638901 76250
3157824 763498
1812884 2085350
1921757 2093471
3601316 163073
2059384 1819593
3744067 329816
3830056 50980
3076203 703497
3097797 466936
3321733 304020
3300300 315892
3468002 370751
3046334 689631
2155917 1781957
3332494 378420
2434777 1241837
3734223 34963
2667603 957921
3466540 406663
1869348 1891334
3799977 76660
3615723 218078
1776181 2010410
2870583 894206
2480387 1170132
3116389 711706
2582138 1191563
3242998 485099
3672621 36815
2862477 781028
3629437 357404
1796216 1964933
3080571 745740
3153760 549870
1770970 1902437
3643325 71061
3743788 34601
3772372 52807
1945942 1849192
3497507 306057
3785318 70503
3673700 339603
1773004 2059519
3634329 205243
3632531 236146
3440144 443379
1788516 1937483
3205156 418590
3707855 265806
3717336 89087
3137568 762734
3413942 424801
3678870 280291
3292645 628287
3267513 345982
3302387 596742
3436014 307808
3503133 242058
3615510 277186
3087531 510473
3757962 27151
3621905 38815
3269305 393252
3284798 428154
3656352 30338
3685222 31777
3504811 103738
1762925 1949494
1918705 1953473
2510676 1100831
3537617 299829
2729775 1118551
3886520 34553
3459363 147868
3555116 249170
2889763 919782
3309687 521588
1874747 1926276
1870026 1876209
1690504 1896042
3532285 243002
3414160 180264
3975026 38413
3662051 36672
1661863 1770136
1700110 1971189
2966017 705675
3559463 252156
3727604 197881
2832166 984404
2896344 767353
2894647 811152
3595002 247976
3731053 37876
2797255 1094204
1829562 1735249
3282756 625326
3640109 285606
2839340 958117
3537771 370139
3769868 31677
3640184 200392
3752580 29321
1803644 1916702
1789133 1834347
1793471 1902281
3679623 80824
3035260 714289
1734544 1790904
3441598 341962
4018749 45484
3350222 633129
3537310 1750748
2688412 1139939
2718938 879427
3693369 31522
3151461 592869
3320290 154978
3866786 35919
1857645 1841359
1663681 1827481
1652149 1880320
1665139 1715455
1828837 2179489
2857850 620228
3370324 582509
3643578 30218
16479338 186332
4618348 913793
4731187 121540
2396976 2392585
3427169 1342555
3149268 1844353
1923160 2026480
5733494 143150
3810934 356477
3712129 216901
